<?xml version="1.0"?>
<opencv_storage>
<width>1280</width>
<height>720</height>
<board_width>19</board_width>
<board_height>15</board_height>
<nFrames>34</nFrames>
<cameraMatrix1 type_id="opencv-matrix">
  <rows>3</rows>
  <cols>3</cols>
  <dt>d</dt>
  <data>
    8.6788447285509972e+02 0. 6.6710765230080517e+02 0.
    8.6840408765683151e+02 3.7095445026403002e+02 0. 0. 1.</data></cameraMatrix1>
<distCoeffs1 type_id="opencv-matrix">
  <rows>5</rows>
  <cols>1</cols>
  <dt>d</dt>
  <data>
    -5.8406356450987096e-01 3.3728859621556023e-01
    -3.0175277448012832e-04 -3.5047182352386313e-04 0.</data></distCoeffs1>
<cameraMatrix2 type_id="opencv-matrix">
  <rows>3</rows>
  <cols>3</cols>
  <dt>d</dt>
  <data>
    8.7809000720454503e+02 0. 6.6715291244834452e+02 0.
    8.7792718321186180e+02 3.6635346435189530e+02 0. 0. 1.</data></cameraMatrix2>
<distCoeffs2 type_id="opencv-matrix">
  <rows>5</rows>
  <cols>1</cols>
  <dt>d</dt>
  <data>
    -5.8355707084302233e-01 3.2683810415144326e-01
    -9.7956975876636312e-04 4.4592036327623773e-03 0.</data></distCoeffs2>
<R type_id="opencv-matrix">
  <rows>3</rows>
  <cols>3</cols>
  <dt>d</dt>
  <data>
    9.9997370109411365e-01 3.5785050132343204e-03
    -6.3080442302296327e-03 -4.2489739453134626e-03
    9.9395576498688809e-01 -1.0969905865476834e-01
    5.8773582970858482e-03 1.0972297640512910e-01 9.9394483001233391e-01</data></R>
<T type_id="opencv-matrix">
  <rows>3</rows>
  <cols>1</cols>
  <dt>d</dt>
  <data>
    -6.5914104788085581e-01 -6.5450114727920310e+00
    -1.2212784464694764e+00</data></T>
<E type_id="opencv-matrix">
  <rows>3</rows>
  <cols>3</cols>
  <dt>d</dt>
  <data>
    -4.3656557783158016e-02 4.9575861312210734e-01
    -6.6393534116861099e+00 -1.2173723200758393e+00
    6.7952566601037170e-02 6.6285371524784442e-01 6.5476400192900153e+00
    -6.3173568811361258e-01 3.1020930615514947e-02</data></E>
<F type_id="opencv-matrix">
  <rows>3</rows>
  <cols>3</cols>
  <dt>d</dt>
  <data>
    2.7652297924003299e-07 -3.1382827191417541e-06
    3.7477720950375236e-02 7.7123316848384406e-06
    -4.3023743990124972e-07 -8.6298900132955967e-03
    -3.9427040006033344e-02 5.7628623070774352e-03 1.</data></F>
<R1 type_id="opencv-matrix">
  <rows>3</rows>
  <cols>3</cols>
  <dt>d</dt>
  <data>
    -9.9539233861851129e-01 9.5858555628878711e-02
    -2.2868170709523178e-03 9.5432233994426519e-02
    9.9271882020090119e-01 7.3498521983534931e-02 9.3156285028901109e-03
    7.2941629620377313e-02 -9.9729270414152738e-01</data></R1>
<R2 type_id="opencv-matrix">
  <rows>3</rows>
  <cols>3</cols>
  <dt>d</dt>
  <data>
    -9.9500870522396867e-01 9.9759421782794080e-02
    2.3946386124049555e-03 9.8518541578378485e-02 9.7825038659977193e-01
    1.8253842905718867e-01 1.5867371987532828e-02 1.8186324225351197e-01
    -9.8319580329822898e-01</data></R2>
<P1 type_id="opencv-matrix">
  <rows>3</rows>
  <cols>4</cols>
  <dt>d</dt>
  <data>
    8.7298724002982237e+02 0. 6.6764564514160156e+02 0. 0.
    8.7298724002982237e+02 4.9403968238830566e+02 0. 0. 0. 1. 0.</data></P1>
<P2 type_id="opencv-matrix">
  <rows>3</rows>
  <cols>4</cols>
  <dt>d</dt>
  <data>
    8.7298724002982237e+02 0. 6.6764564514160156e+02 0. 0.
    8.7298724002982237e+02 4.9403968238830566e+02
    -5.8407454572608003e+03 0. 0. 1. 0.</data></P2>
<Q type_id="opencv-matrix">
  <rows>4</rows>
  <cols>4</cols>
  <dt>d</dt>
  <data>
    1. 0. 0. -6.6764564514160156e+02 0. 1. 0. -4.9403968238830566e+02 0.
    0. 0. 8.7298724002982237e+02 0. 0. 1.4946503771099742e-01 0.</data></Q>
</opencv_storage>
